#body
push
move
235 250 -90
rotate
x 15
rotate
y -15
sphere
0 0 0 94
#arms and hands
box
-250 45 -57 32 10 20
box
217 45 -57 32 10 20
box
-161 -47 -57 62 10 20
box
99 -47 -57 62 10 20
#slanted arms
push
move
-209 55 0
rotate
z -70
box
0 0 -57 111 -9 20
pop
push
move
209 55 0
rotate
z 70
box
0 0 -57 -111 -9 20
pop
#face
move
-235 -250 90
hermite
203 296 217 272 28 -15 0 -33
hermite
203 296 218 271 28 -15 0 -33
hermite
203 296 219 271 29 -14 0 -33
hermite
203 296 220 270 29 -14 0 -33
hermite
203 296 221 270 29 -14 0 -33
hermite
203 296 222 270 30 -13 0 -33
hermite
203 296 223 270 30 -13 0 -33
hermite
203 296 223 270 30 -13 0 -35
hermite
203 296 224 271 30 -13 0 -33
hermite
203 296 225 271 31 -12 0 -33
hermite
233 304 246 281 28 -15 0 -33
hermite
233 304 247 280 28 -15 0 -33
hermite
233 304 248 280 28 -15 0 -33
hermite
233 304 249 279 29 -14 0 -33
hermite
233 304 250 279 29 -14 0 -33
hermite
233 304 251 279 29 -14 0 -33
hermite
233 304 252 279 30 -13 0 -33
hermite
233 304 253 280 30 -13 0 -33
hermite
233 304 254 280 30 -13 0 -33
line
277 301 0 291 289 0
line
278 301 0 292 289 0
line
279 301 0 293 289 0
line
280 301 0 294 289 0
line
281 301 0 295 289 0
line
282 301 0 296 289 0
bezier
211 218 254 238 264 250 283 295
bezier
211 218 254 238 264 250 284 295
bezier
211 218 254 237 265 250 284 294
bezier
211 218 254 237 265 251 285 294
bezier
211 218 254 236 266 251 285 294
bezier
211 218 255 236 266 251 285 293
bezier
211 218 255 236 270 251 286 293
bezier
211 218 255 235 267 251 286 293
bezier
211 218 255 235 267 251 286 292
bezier
211 218 255 235 267 251 287 292
bezier
211 218 255 234 268 252 287 292
bezier
211 218 255 234 268 252 288 292
bezier
211 218 255 234 268 252 288 291
bezier
211 218 255 233 269 252 288 291
bezier
211 218 255 233 269 252 289 291
bezier
211 218 256 233 269 252 289 290
bezier
211 218 256 232 270 252 289 290
bezier
211 218 256 232 270 253 290 290
bezier
211 218 256 231 271 253 290 289
bezier
211 218 256 231 271 253 291 289
display
save
shrug.png